avg number of pixels=254.601329, iteration=0 
1	74.750000 
2	33.000000 
3	25.796875 
4	17.941406 
5	15.508789 
6	12.700928 
7	11.342407 
8	9.833344 
9	9.015354 
10	8.009045 
11	7.470675 
12	6.743333 
13	6.370799 
14	5.814827 
15	5.549215 
16	5.106127 
17	4.913223 
18	4.548482 
19	4.406871 
20	4.098830 
21	3.994405 
22	3.728865 
23	3.651979 
24	3.419273 
25	3.363131 
26	3.168873 
27	3.116166 
28	2.952229 
29	2.902564 
30	2.762547 
31	2.715982 
32	2.595116 
33	2.551597 
34	2.446269 
35	2.405684 
36	2.313106 
37	2.275312 
38	2.193305 
39	2.158143 
40	2.084981 
41	2.052290 
42	1.986586 
43	1.956206 
44	1.896839 
45	1.868617 
46	1.814665 
47	1.788455 
48	1.739160 
49	1.714826 
50	1.669554 
51	1.646968 
52	1.605191 
53	1.584232 
54	1.545503 
55	1.526061 
56	1.490002 
57	1.471972 
58	1.438262 
59	1.421548 
60	1.389911 
61	1.374424 
62	1.344623 
63	1.330281 
64	1.302112 
65	1.288837 
66	1.262125 
67	1.249845 
68	1.224437 
69	1.213086 
70	1.188850 
71	1.178365 
72	1.155185 
73	1.145509 
74	1.123284 
75	1.114364 
76	1.097370 
77	1.091714 
78	1.075402 
79	1.071104 
80	1.054154 
81	1.051083 
82	1.033594 
83	1.031629 
84	1.014674 
85	1.012726 
86	0.997265 
87	0.994355 
88	0.980398 
89	0.976499 
90	0.964266 
91	0.959140 
92	0.948514 
93	0.942264 
94	0.933133 
95	0.925853 
96	0.918117 
97	0.909894 
98	0.903456 
99	0.894621 
100	0.889143 
101	0.881046 
102	0.875169 
103	0.867756 
104	0.861526 
105	0.854747 
106	0.848205 
107	0.842015 
108	0.835200 
109	0.829554 
110	0.822501 
111	0.817360 
112	0.810101 
113	0.805429 
114	0.797992 
115	0.793755 
116	0.786167 
117	0.782332 
118	0.774619 
119	0.771157 
120	0.763338 
121	0.760223 
122	0.752320 
123	0.749525 
124	0.741556 
125	0.739058 
126	0.731040 
127	0.728818 
128	0.720765 
129	0.718798 
130	0.710724 
131	0.708993 
132	0.701520 
133	0.699399 
134	0.692502 
135	0.690011 
136	0.683660 
137	0.680824 
138	0.674990 
139	0.671832 
140	0.666490 
141	0.663031 
142	0.658156 
143	0.654416 
144	0.649984 
145	0.645983 
146	0.641971 
147	0.637728 
148	0.634114 
149	0.629645 
150	0.626409 
151	0.621730 
152	0.618853 
153	0.613980 
154	0.611442 
155	0.606389 
156	0.604175 
157	0.598955 
158	0.597047 
159	0.591673 
160	0.590055 
161	0.584727 
162	0.583196 
163	0.578040 
164	0.576468 
165	0.571476 
166	0.569867 
167	0.565032 
168	0.563390 
169	0.558705 
170	0.557035 
171	0.552493 
172	0.550799 
173	0.546393 
174	0.544680 
175	0.540403 
176	0.538674 
177	0.534521 
178	0.532778 
179	0.528745 
180	0.526992 
181	0.523072 
182	0.521311 
183	0.517499 
184	0.515733 
185	0.512026 
186	0.510257 
187	0.506649 
188	0.504880 
189	0.501366 
190	0.499600 
191	0.496176 
192	0.494413 
193	0.491077 
194	0.489319 
195	0.486066 
196	0.484316 
197	0.481141 
198	0.479400 
199	0.476302 
200	0.474571 
201	0.471545 
202	0.469825 
203	0.466870 
204	0.465163 
205	0.462274 
206	0.460580 
207	0.457755 
208	0.456076 
209	0.453312 
210	0.451650 
211	0.448944 
212	0.447298 
213	0.444649 
214	0.443020 
215	0.440425 
216	0.438814 
217	0.436270 
218	0.434678 
219	0.432184 
220	0.430611 
221	0.428164 
222	0.426611 
223	0.424210 
224	0.422677 
225	0.420320 
226	0.418808 
227	0.416521 
228	0.415001 
229	0.412839 
230	0.411256 
231	0.409215 
232	0.407573 
233	0.405789 
234	0.404204 
235	0.402524 
236	0.400878 
237	0.399297 
238	0.397592 
239	0.396108 
240	0.394347 
241	0.392955 
242	0.391142 
243	0.389839 
244	0.387975 
245	0.386763 
246	0.384847 
247	0.383732 
248	0.381757 
249	0.380737 
250	0.378704 
251	0.377778 
252	0.375687 
253	0.374853 
254	0.372708 
255	0.371962 
256	0.369901 
257	0.369105 
258	0.367125 
259	0.366281 
260	0.364379 
261	0.363490 
262	0.361663 
263	0.360730 
264	0.358977 
265	0.358002 
266	0.356320 
267	0.355305 
268	0.353691 
269	0.352639 
270	0.351091 
271	0.350002 
272	0.348519 
273	0.347396 
274	0.345974 
275	0.344818 
276	0.343456 
277	0.342269 
278	0.340998 
279	0.339748 
280	0.338566 
281	0.337254 
282	0.336161 
283	0.334788 
284	0.333782 
285	0.332349 
286	0.331429 
287	0.329937 
288	0.329100 
289	0.327550 
290	0.326797 
291	0.325190 
292	0.324517 
293	0.322854 
294	0.322262 
295	0.320684 
296	0.320031 
297	0.319071 
298	0.318151 
299	0.317471 
300	0.316546 
301	0.315883 
302	0.314954 
303	0.314306 
304	0.313372 
305	0.312742 
306	0.311816 
307	0.311189 
308	0.310307 
309	0.309647 
310	0.308809 
311	0.308116 
312	0.307322 
313	0.306597 
314	0.305845 
315	0.305089 
316	0.304378 
317	0.303592 
318	0.302922 
319	0.302106 
320	0.301475 
321	0.300630 
322	0.300039 
323	0.299165 
324	0.298612 
325	0.297710 
326	0.297196 
327	0.296266 
328	0.295789 
329	0.294832 
330	0.294391 
331	0.293408 
332	0.293003 
333	0.291994 
334	0.291625 
335	0.290590 
336	0.290255 
337	0.289195 
338	0.288895 
339	0.287859 
340	0.287544 
341	0.286546 
342	0.286202 
343	0.285242 
344	0.284869 
345	0.283946 
346	0.283545 
347	0.282658 
348	0.282229 
349	0.281378 
350	0.280923 
351	0.280107 
352	0.279624 
353	0.278843 
354	0.278335 
355	0.277587 
356	0.277053 
357	0.276339 
358	0.275780 
359	0.275099 
360	0.274515 
361	0.273867 
362	0.273258 
363	0.272642 
364	0.272010 
365	0.271425 
366	0.270769 
367	0.270215 
368	0.269537 
369	0.269013 
370	0.268312 
371	0.267818 
372	0.267095 
373	0.266630 
374	0.265886 
375	0.265450 
376	0.264684 
377	0.264276 
378	0.263490 
379	0.263110 
380	0.262303 
381	0.261951 
382	0.261124 
383	0.260799 
384	0.259952 
385	0.259654 
386	0.258826 
387	0.258515 
388	0.257716 
389	0.257384 
390	0.256612 
391	0.256259 
392	0.255515 
393	0.255141 
394	0.254424 
395	0.254029 
396	0.253339 
397	0.252924 
398	0.252260 
399	0.251826 
400	0.251187 
401	0.250734 
402	0.250121 
403	0.249649 
404	0.249060 
405	0.248569 
406	0.248005 
407	0.247496 
408	0.246957 
409	0.246430 
410	0.245914 
411	0.245369 
412	0.244877 
413	0.244315 
414	0.243845 
415	0.243267 
416	0.242820 
417	0.242225 
418	0.241800 
419	0.241189 
420	0.240786 
421	0.240163 
422	0.239777 
423	0.239167 
424	0.238774 
425	0.238177 
426	0.237776 
427	0.237191 
428	0.236784 
429	0.236212 
430	0.235798 
431	0.235237 
432	0.234816 
433	0.234268 
434	0.233840 
435	0.233304 
436	0.232870 
437	0.232345 
438	0.231904 
439	0.231392 
440	0.230944 
441	0.230443 
442	0.229989 
443	0.229500 
444	0.229041 
445	0.228561 
446	0.228119 
447	0.227628 
448	0.227202 
449	0.226700 
450	0.226290 
451	0.225777 
452	0.225382 
453	0.224858 
454	0.224480 
455	0.223944 
456	0.223581 
457	0.223036 
458	0.222687 
459	0.222132 
460	0.221798 
461	0.221233 
462	0.220914 
463	0.220338 
464	0.220033 
465	0.219448 
466	0.219158 
467	0.218563 
468	0.218286 
469	0.217683 
470	0.217419 
471	0.216812 
472	0.216557 
473	0.215963 
474	0.215699 
475	0.215118 
476	0.214845 
477	0.214278 
478	0.213995 
479	0.213441 
480	0.213150 
481	0.212608 
482	0.212308 
483	0.211779 
484	0.211471 
485	0.210955 
486	0.210639 
487	0.210134 
488	0.209810 
489	0.209317 
490	0.208985 
491	0.208504 
492	0.208165 
493	0.207695 
494	0.207348 
495	0.206890 
496	0.206536 
497	0.206089 
498	0.205727 
499	0.205291 
500	0.204923 
501	0.204497 
502	0.204122 
503	0.203707 
504	0.203326 
505	0.202921 
506	0.202533 
507	0.202139 
508	0.201744 
509	0.201360 
510	0.200959 
511	0.200585 
512	0.200178 
513	0.199813 
514	0.199401 
515	0.199045 
516	0.198627 
517	0.198281 
518	0.197857 
519	0.197666 
520	0.197243 
521	0.197072 
522	0.196635 
523	0.196479 
524	0.196028 
525	0.195888 
526	0.195423 
527	0.195297 
528	0.194840 
529	0.194708 
530	0.194264 
531	0.194120 
532	0.193690 
533	0.193533 
534	0.193118 
535	0.192947 
536	0.192546 
537	0.192362 
538	0.191975 
539	0.191779 
540	0.191406 
541	0.191197 
542	0.190837 
543	0.190617 
544	0.190270 
545	0.190038 
546	0.189704 
547	0.189460 
548	0.189139 
549	0.188883 
550	0.188576 
551	0.188308 
552	0.188013 
553	0.187734 
554	0.187452 
555	0.187175 
556	0.186893 
557	0.186632 
558	0.186334 
559	0.186089 
560	0.185777 
561	0.185548 
562	0.185221 
563	0.185008 
564	0.184666 
565	0.184469 
566	0.184113 
567	0.183931 
568	0.183561 
569	0.183394 
570	0.183032 
571	0.182858 
572	0.182508 
573	0.182324 
574	0.181985 
575	0.181791 
576	0.181464 
577	0.181259 
578	0.180943 
579	0.180728 
580	0.180424 
581	0.180199 
582	0.179906 
583	0.179670 
584	0.179389 
585	0.179143 
586	0.178873 
587	0.178618 
588	0.178359 
589	0.178093 
590	0.177845 
591	0.177570 
592	0.177333 
593	0.177048 
594	0.176822 
595	0.176528 
596	0.176312 
597	0.176008 
598	0.175804 
599	0.175490 
600	0.175297 
601	0.174973 
602	0.174790 
603	0.174458 
604	0.174286 
605	0.173944 
606	0.173782 
607	0.173431 
608	0.173280 
609	0.172920 
610	0.172778 
611	0.172410 
612	0.172279 
613	0.171911 
614	0.171780 
615	0.171426 
616	0.171283 
617	0.170943 
618	0.170787 
619	0.170460 
620	0.170292 
621	0.169979 
622	0.169798 
623	0.169499 
624	0.169306 
625	0.169019 
626	0.168815 
627	0.168542 
628	0.168326 
629	0.168065 
630	0.167838 
631	0.167589 
632	0.167372 
633	0.167115 
634	0.166907 
635	0.166642 
636	0.166443 
637	0.166170 
638	0.165981 
639	0.165699 
640	0.165519 
641	0.165229 
642	0.165059 
643	0.164761 
644	0.164600 
645	0.164294 
646	0.164142 
647	0.163828 
648	0.163685 
649	0.163363 
650	0.163230 
651	0.162899 
652	0.162775 
653	0.162437 
654	0.162322 
655	0.161976 
656	0.161870 
657	0.161516 
658	0.161419 
659	0.161057 
660	0.160969 
661	0.160600 
662	0.160520 
663	0.160144 
664	0.160073 
665	0.159689 
666	0.159626 
667	0.159240 
668	0.159181 
669	0.158804 
670	0.158737 
671	0.158370 
672	0.158294 
673	0.157936 
674	0.157853 
675	0.157503 
676	0.157412 
677	0.157072 
678	0.156973 
679	0.156642 
680	0.156535 
681	0.156213 
682	0.156098 
683	0.155785 
684	0.155663 
685	0.155358 
686	0.155228 
687	0.154932 
688	0.154795 
689	0.154508 
690	0.154363 
691	0.154084 
692	0.153932 
693	0.153662 
694	0.153502 
695	0.153241 
696	0.153087 
697	0.152821 
698	0.152677 
699	0.152402 
700	0.152268 
701	0.151985 
702	0.151860 
703	0.151568 
704	0.151453 
705	0.151153 
706	0.151047 
707	0.150739 
708	0.150642 
709	0.150326 
710	0.150238 
711	0.149914 
712	0.149835 
713	0.149503 
714	0.149434 
715	0.149094 
716	0.149033 
717	0.148685 
718	0.148634 
719	0.148294 
720	0.148235 
721	0.147904 
722	0.147838 
723	0.147515 
724	0.147441 
725	0.147127 
726	0.147046 
727	0.146740 
728	0.146652 
729	0.146354 
730	0.146259 
731	0.145969 
732	0.145867 
733	0.145585 
734	0.145476 
735	0.145202 
736	0.145086 
737	0.144820 
738	0.144697 
739	0.144439 
740	0.144309 
741	0.144059 
742	0.143923 
743	0.143680 
744	0.143537 
745	0.143302 
746	0.143152 
747	0.142926 
748	0.142769 
749	0.142550 
750	0.142386 
751	0.142175 
752	0.142005 
753	0.141801 
754	0.141625 
755	0.141429 
756	0.141245 
757	0.141057 
758	0.140867 
759	0.140686 
760	0.140490 
761	0.140317 
762	0.140114 
763	0.139948 
764	0.139750 
765	0.139580 
766	0.139390 
767	0.139214 
768	0.139031 
769	0.138848 
770	0.138673 
771	0.138484 
772	0.138316 
773	0.138120 
774	0.137960 
775	0.137758 
776	0.137605 
777	0.137396 
778	0.137251 
779	0.137036 
780	0.136897 
781	0.136676 
782	0.136545 
783	0.136318 
784	0.136194 
785	0.135961 
786	0.135843 
787	0.135604 
788	0.135494 
789	0.135258 
790	0.135145 
791	0.134916 
792	0.134798 
793	0.134576 
794	0.134451 
795	0.134237 
796	0.134115 
797	0.134039 
798	0.133922 
799	0.133841 
800	0.133729 
801	0.133644 
802	0.133536 
803	0.133446 
804	0.133343 
805	0.133249 
806	0.133150 
807	0.133051 
808	0.132957 
809	0.132854 
810	0.132765 
811	0.132657 
812	0.132572 
813	0.132460 
814	0.132379 
815	0.132263 
816	0.132187 
817	0.132066 
818	0.131994 
819	0.131870 
820	0.131802 
821	0.131676 
822	0.131610 
823	0.131483 
824	0.131417 
825	0.131290 
826	0.131225 
827	0.131097 
828	0.131033 
829	0.130904 
830	0.130841 
831	0.130711 
832	0.130650 
833	0.130518 
834	0.130458 
835	0.130326 
836	0.130266 
837	0.130133 
838	0.130075 
839	0.129941 
840	0.129883 
841	0.129748 
842	0.129692 
843	0.129556 
844	0.129501 
845	0.129364 
846	0.129310 
847	0.129176 
848	0.129119 
849	0.128988 
850	0.128928 
851	0.128801 
852	0.128737 
853	0.128613 
854	0.128547 
855	0.128426 
856	0.128357 
857	0.128238 
858	0.128166 
859	0.128051 
860	0.127976 
861	0.127864 
862	0.127786 
863	0.127677 
864	0.127596 
865	0.127490 
866	0.127407 
867	0.127303 
868	0.127217 
869	0.127116 
870	0.127028 
871	0.126930 
872	0.126839 
873	0.126744 
874	0.126650 
875	0.126557 
876	0.126461 
877	0.126371 
878	0.126272 
879	0.126185 
880	0.126084 
881	0.125999 
882	0.125895 
883	0.125814 
884	0.125707 
885	0.125628 
886	0.125519 
887	0.125443 
888	0.125331 
889	0.125258 
890	0.125144 
891	0.125073 
892	0.124956 
893	0.124888 
894	0.124770 
895	0.124703 
896	0.124584 
897	0.124518 
898	0.124398 
899	0.124334 
900	0.124213 
901	0.124150 
902	0.124027 
903	0.123966 
904	0.123842 
905	0.123782 
906	0.123657 
907	0.123598 
908	0.123472 
909	0.123414 
910	0.123288 
911	0.123231 
912	0.123103 
913	0.123048 
914	0.122919 
915	0.122865 
916	0.122735 
917	0.122682 
918	0.122551 
919	0.122499 
920	0.122367 
921	0.122317 
922	0.122183 
923	0.122135 
924	0.122000 
925	0.121953 
926	0.121817 
927	0.121771 
928	0.121634 
929	0.121589 
930	0.121451 
931	0.121408 
932	0.121268 
933	0.121226 
934	0.121086 
935	0.121045 
936	0.120904 
937	0.120864 
938	0.120722 
939	0.120684 
940	0.120540 
941	0.120503 
942	0.120358 
943	0.120323 
944	0.120177 
945	0.120143 
946	0.119996 
947	0.119963 
948	0.119815 
949	0.119783 
950	0.119634 
951	0.119604 
952	0.119456 
953	0.119424 
954	0.119278 
955	0.119245 
956	0.119101 
957	0.119067 
958	0.118924 
959	0.118888 
960	0.118747 
961	0.118710 
962	0.118570 
963	0.118531 
964	0.118393 
965	0.118353 
966	0.118217 
967	0.118176 
968	0.118041 
969	0.117998 
970	0.117865 
971	0.117821 
972	0.117689 
973	0.117644 
974	0.117513 
975	0.117467 
976	0.117338 
977	0.117290 
978	0.117163 
979	0.117114 
980	0.116988 
981	0.116938 
982	0.116813 
983	0.116762 
984	0.116639 
985	0.116586 
986	0.116465 
987	0.116410 
988	0.116291 
989	0.116235 
990	0.116117 
991	0.116060 
992	0.115943 
993	0.115885 
994	0.115770 
995	0.115711 
996	0.115597 
997	0.115536 
998	0.115424 
999	0.115362 
1000	0.115251 
1001	0.115188 
1002	0.115079 
1003	0.115015 
1004	0.114906 
1005	0.114841 
1006	0.114734 
1007	0.114668 
1008	0.114563 
1009	0.114495 
1010	0.114391 
1011	0.114323 
1012	0.114220 
1013	0.114150 
1014	0.114049 
1015	0.113978 
1016	0.113878 
1017	0.113806 
1018	0.113707 
1019	0.113634 
1020	0.113537 
1021	0.113463 
1022	0.113367 
1023	0.113292 
1024	0.113197 
1025	0.113121 
1026	0.113027 
1027	0.112950 
1028	0.112858 
1029	0.112779 
1030	0.112688 
1031	0.112609 
1032	0.112519 
1033	0.112439 
1034	0.112351 
1035	0.112269 
1036	0.112182 
1037	0.112100 
1038	0.112014 
1039	0.111930 
1040	0.111846 
1041	0.111761 
1042	0.111678 
1043	0.111592 
1044	0.111510 
1045	0.111424 
1046	0.111343 
1047	0.111256 
1048	0.111176 
1049	0.111088 
1050	0.111009 
1051	0.110920 
1052	0.110842 
1053	0.110752 
1054	0.110676 
1055	0.110585 
1056	0.110510 
1057	0.110418 
1058	0.110344 
1059	0.110251 
1060	0.110178 
1061	0.110084 
1062	0.110013 
1063	0.109918 
1064	0.109848 
1065	0.109752 
1066	0.109683 
1067	0.109586 
1068	0.109518 
1069	0.109421 
1070	0.109354 
1071	0.109255 
1072	0.109190 
1073	0.109090 
1074	0.109026 
1075	0.108925 
1076	0.108862 
1077	0.108761 
1078	0.108699 
1079	0.108597 
1080	0.108535 
1081	0.108433 
1082	0.108372 
1083	0.108269 
1084	0.108210 
1085	0.108105 
1086	0.108047 
1087	0.107942 
1088	0.107885 
1089	0.107779 
1090	0.107723 
1091	0.107616 
1092	0.107561 
1093	0.107453 
1094	0.107400 
1095	0.107291 
1096	0.107239 
1097	0.107129 
1098	0.107078 
1099	0.106967 
1100	0.106917 
1101	0.106806 
1102	0.106756 
1103	0.106645 
1104	0.106596 
1105	0.106484 
1106	0.106436 
1107	0.106323 
1108	0.106276 
1109	0.106162 
1110	0.106117 
1111	0.106002 
1112	0.105958 
1113	0.105845 
1114	0.105799 
1115	0.105687 
1116	0.105640 
1117	0.105530 
1118	0.105481 
1119	0.105374 
1120	0.105323 
1121	0.105217 
1122	0.105165 
1123	0.105061 
1124	0.105007 
1125	0.104905 
1126	0.104850 
1127	0.104749 
1128	0.104693 
1129	0.104593 
1130	0.104536 
1131	0.104438 
1132	0.104379 
1133	0.104283 
1134	0.104222 
1135	0.104128 
1136	0.104066 
1137	0.103973 
1138	0.103910 
1139	0.103819 
1140	0.103754 
1141	0.103665 
1142	0.103599 
1143	0.103511 
1144	0.103443 
1145	0.103358 
1146	0.103288 
1147	0.103204 
1148	0.103134 
1149	0.103051 
1150	0.102979 
1151	0.102898 
1152	0.102825 
1153	0.102745 
1154	0.102671 
1155	0.102593 
1156	0.102517 
1157	0.102441 
1158	0.102364 
1159	0.102289 
1160	0.102210 
1161	0.102137 
1162	0.102057 
1163	0.101986 
1164	0.101904 
1165	0.101835 
1166	0.101752 
1167	0.101684 
1168	0.101600 
1169	0.101533 
1170	0.101448 
1171	0.101383 
1172	0.101296 
1173	0.101232 
1174	0.101144 
1175	0.101082 
1176	0.100993 
1177	0.100933 
1178	0.100842 
1179	0.100783 
1180	0.100691 
1181	0.100634 
1182	0.100541 
1183	0.100485 
1184	0.100390 
1185	0.100336 
1186	0.100240 
1187	0.100188 
1188	0.100090 
1189	0.100039 

 globalMaxDelta = 0.099941 at iterations = 1190 
Writing 192 x 128 picture into file: ./data/output/imagenew192x128.pgm
total time is 0.142631 (sec), woldSize is 1 
